Initial A: 
             7.01974             -3.36111                    0                    0                    0                    0                    0                    0                    0                    0 
            -3.36111               7.9123             -3.36111                    0                    0                    0                    0                    0                    0                    0 
                   0             -3.36111              9.39991             -3.36111                    0                    0                    0                    0                    0                    0 
                   0                    0             -3.36111              11.4826             -3.36111                    0                    0                    0                    0                    0 
                   0                    0                    0             -3.36111              14.1602             -3.36111                    0                    0                    0                    0 
                   0                    0                    0                    0             -3.36111               17.433             -3.36111                    0                    0                    0 
                   0                    0                    0                    0                    0             -3.36111              21.3007             -3.36111                    0                    0 
                   0                    0                    0                    0                    0                    0             -3.36111              25.7635             -3.36111                    0 
                   0                    0                    0                    0                    0                    0                    0             -3.36111              30.8214             -3.36111 
                   0                    0                    0                    0                    0                    0                    0                    0             -3.36111              36.4743 
7.68289e-09

Number of iterations: 128
R: 
            0.547822            -0.336304            -0.568226            -0.124638             0.497929          -0.00199938            -0.020942         -0.000129422          5.73256e-06         -1.15086e-07 
            0.670887             0.541479           -0.0884907             0.294492            -0.396752           0.00873185            0.0683073          0.000734137         -4.13831e-05          1.06856e-06 
            0.451933            -0.391733             0.530946             -0.49298            -0.287154           -0.0338163            -0.183719          -0.00383995           0.00028202          -9.5225e-06 
            0.202607             -0.18816             0.547164             0.521212             0.422211             0.115007             0.400835            0.0183284          -0.00179479          8.06023e-05 
           0.0652045             0.444852             0.280777           -0.0464776             0.511336            -0.315747            -0.591479           -0.0757902            0.0102914         -0.000631829 
           0.0157691             0.416972            0.0930577            -0.510134              0.25666             0.593164             0.271848             0.250573           -0.0506349            0.0044435 
          0.00296199             0.175628            0.0220213            -0.328656            0.0793257            -0.437058             0.547008             -0.56925             0.198365           -0.0268584 
         0.000443448            0.0464744           0.00393797            -0.109746            0.0171794            -0.541418             0.268134             0.559767            -0.538521             0.130812 
         5.40394e-05           0.00871679          0.000552691           -0.0240541           0.00278924            -0.217724             0.073704             0.515656             0.686038            -0.458206 
         5.41045e-06           0.00121858          6.19673e-05          -0.00375813           0.00035012           -0.0495271            0.0133968             0.166829             0.444214             0.878746 

B: 
             2.90358          3.34194e-18         -3.54357e-13          2.59943e-13         -2.44952e-10          2.87123e-21          1.02942e-09         -8.88169e-22          6.23844e-16          6.59658e-20 
         3.34194e-18              12.4314         -1.38148e-12          3.10477e-18          7.24683e-10         -6.61395e-15         -8.86696e-10          9.07419e-10          1.39045e-13          5.92025e-11 
        -3.54357e-13         -1.38148e-12              6.49631          4.65142e-10         -9.25238e-14          3.81554e-18                    0         -1.53475e-18         -8.46491e-23          8.87585e-15 
         2.59943e-13          3.10477e-18          4.65142e-10              14.9613          7.40956e-17                    0         -9.65462e-14         -5.89394e-23         -1.74675e-10          1.44466e-10 
        -2.44952e-10          7.24683e-10         -9.25238e-14          7.40956e-17              9.69789          2.01485e-11          -6.5435e-22          -1.0801e-14         -1.90904e-27                    0 
         2.87123e-21         -6.61395e-15          3.81554e-18                    0          2.01485e-11              21.6987          1.30555e-10          1.21527e-14         -1.11364e-09          8.13427e-13 
         1.02942e-09         -8.86696e-10                    0         -9.65462e-14          -6.5435e-22          1.30555e-10              17.9828          8.32347e-14         -4.12101e-16         -1.83005e-12 
        -8.88169e-22          9.07419e-10         -1.53475e-18         -5.89394e-23          -1.0801e-14          1.21527e-14          8.32347e-14              26.0853         -3.38298e-11          2.30575e-16 
         6.23844e-16          1.39045e-13         -8.46491e-23         -1.74675e-10         -1.90904e-27         -1.11364e-09         -4.12101e-16         -3.38298e-11              31.2834         -7.08886e-18 
         6.59658e-20          5.92025e-11          8.87585e-15          1.44466e-10                    0          8.13427e-13         -1.83005e-12          2.30575e-16         -7.08886e-18              38.2269 
